Number 1 out of 10
Intelligent method, row :3	 and col:8
Touched :64
20	35	4	43	18	33	2	45	

5	42	19	34	3	44	17	32	

36	21	64	55	62	57	46	1	

41	6	61	58	51	54	31	16	

22	37	52	63	56	59	12	47	

7	40	25	60	53	50	15	30	

26	23	38	9	28	13	48	11	

39	8	27	24	49	10	29	14	


Number 2 out of 10
Intelligent method, row :1	 and col:8
Touched :63
22	37	18	3	32	35	16	1	

19	4	21	36	17	2	31	34	

38	23	0	57	46	33	52	15	

5	20	63	60	51	56	45	30	

24	39	58	55	62	47	14	53	

9	6	61	50	59	54	29	44	

40	25	8	11	42	27	48	13	

7	10	41	26	49	12	43	28	


Number 3 out of 10
Intelligent method, row :7	 and col:5
Touched :64
35	32	13	28	49	52	11	26	

14	29	34	53	12	27	48	51	

33	36	31	58	55	50	25	10	

30	15	54	45	62	59	56	47	

37	44	61	64	57	46	9	24	

16	19	40	43	60	63	6	3	

41	38	21	18	1	4	23	8	

20	17	42	39	22	7	2	5	


Number 4 out of 10
Intelligent method, row :5	 and col:5
Touched :54
33	12	43	28	31	14	45	18	

42	27	32	13	44	17	30	15	

11	34	0	54	29	0	19	46	

26	41	0	0	0	53	16	0	

35	10	51	0	1	0	47	20	

40	25	38	0	52	0	2	5	

9	36	23	50	7	4	21	48	

24	39	8	37	22	49	6	3	


Number 5 out of 10
Intelligent method, row :6	 and col:4
Touched :54
27	50	11	38	25	40	9	6	

12	37	26	51	10	7	24	41	

49	28	0	0	39	52	5	8	

36	13	0	53	0	0	42	23	

29	48	0	0	0	54	19	4	

14	35	0	1	32	0	22	43	

47	30	33	16	45	20	3	18	

34	15	46	31	2	17	44	21	


Number 6 out of 10
Intelligent method, row :7	 and col:3
Touched :62
23	8	39	34	25	10	41	32	

38	35	24	9	40	33	26	11	

7	22	37	62	0	54	31	42	

36	49	56	53	60	51	12	27	

21	6	61	50	55	28	43	30	

48	3	0	57	52	59	16	13	

5	20	1	46	15	18	29	44	

2	47	4	19	58	45	14	17	


Number 7 out of 10
Intelligent method, row :3	 and col:3
Touched :62
15	2	49	28	17	12	47	30	

50	27	16	13	48	29	18	11	

3	14	1	60	0	0	31	46	

38	51	26	57	54	61	10	19	

25	4	39	52	59	56	45	32	

40	37	58	55	62	53	20	9	

5	24	35	42	7	22	33	44	

36	41	6	23	34	43	8	21	


Number 8 out of 10
Intelligent method, row :5	 and col:8
Touched :57
26	11	38	51	28	13	36	33	

39	50	27	12	37	34	29	14	

10	25	0	49	52	55	32	35	

0	40	53	56	0	48	15	30	

24	9	0	0	54	31	46	1	

41	6	57	0	47	0	19	16	

8	23	4	43	18	21	2	45	

5	42	7	22	3	44	17	20	


Number 9 out of 10
Intelligent method, row :7	 and col:7
Touched :62
25	38	9	54	23	40	7	4	

10	53	24	39	8	5	22	41	

37	26	55	58	0	62	3	6	

52	11	0	61	50	57	42	21	

27	36	51	56	59	46	17	2	

12	33	60	47	30	49	20	43	

35	28	31	14	45	18	1	16	

32	13	34	29	48	15	44	19	


Number 10 out of 10
Intelligent method, row :2	 and col:4
Touched :62
17	2	19	34	15	46	29	32	

20	35	16	1	30	33	14	45	

3	18	59	62	47	50	31	28	

36	21	52	49	58	61	44	13	

53	4	57	60	51	48	27	42	

22	37	0	0	56	43	12	9	

5	54	39	24	7	10	41	26	

38	23	6	55	40	25	8	11	



