Number 1 out of 10
Simple method, row :3	 and col:4
0	0	0	0	2	27	0	0	

0	0	0	28	0	0	3	30	

0	0	0	1	26	29	0	0	

9	0	0	6	0	0	25	4	

0	0	8	11	24	5	16	0	

0	10	0	0	7	14	21	18	

0	0	12	23	20	17	0	15	

0	0	0	0	13	22	19	0	

Touched :30

Number 2 out of 10
Simple method, row :8	 and col:3
0	5	52	15	50	25	44	0	

53	14	7	24	43	16	49	18	

6	41	4	51	48	19	26	45	

13	8	39	42	23	46	17	0	

40	3	22	47	20	29	0	27	

9	12	0	38	0	36	33	30	

2	0	10	21	34	31	28	0	

11	0	1	0	37	0	35	32	

Touched :53

Number 3 out of 10
Simple method, row :6	 and col:3
0	0	20	27	24	0	0	15	

0	28	3	22	19	16	25	0	

4	21	0	17	26	23	14	0	

0	2	29	6	0	18	0	0	

30	5	0	0	0	13	8	0	

0	0	1	10	7	0	0	0	

0	31	0	0	0	9	12	0	

0	0	0	32	11	0	0	0	

Touched :32

Number 4 out of 10
Simple method, row :2	 and col:6
0	0	25	0	17	0	27	0	

0	0	16	0	26	1	18	0	

0	24	0	0	0	20	0	4	

0	0	0	15	2	5	0	19	

0	0	23	6	21	0	3	0	

0	0	14	0	0	7	10	0	

0	0	0	22	0	12	0	8	

0	0	0	13	0	9	0	11	

Touched :27

Number 5 out of 10
Simple method, row :1	 and col:7
0	12	15	0	0	18	1	0	

0	0	0	13	16	0	0	19	

7	14	11	0	0	20	17	2	

10	0	8	5	0	3	0	0	

0	6	0	0	23	32	21	0	

0	9	24	33	4	27	30	0	

0	34	0	26	31	22	0	28	

0	25	0	35	0	29	0	0	

Touched :35

Number 6 out of 10
Simple method, row :4	 and col:5
0	0	0	0	42	0	0	27	

0	34	41	0	25	28	23	0	

0	0	2	35	4	21	26	0	

33	40	31	0	1	24	29	22	

0	15	36	3	30	5	20	0	

39	32	0	14	17	12	7	10	

0	0	16	37	6	9	0	19	

0	38	0	0	13	18	11	8	

Touched :42

Number 7 out of 10
Simple method, row :1	 and col:5
0	0	0	0	1	0	0	0	

0	3	0	0	0	0	0	0	

0	0	0	2	0	14	0	0	

0	9	4	0	0	0	0	15	

0	0	0	6	13	0	0	0	

10	5	8	0	18	0	16	0	

0	0	19	12	7	0	0	0	

20	11	0	0	0	17	0	0	

Touched :20

Number 8 out of 10
Simple method, row :4	 and col:5
0	0	0	5	0	3	20	0	

0	6	0	2	0	22	0	24	

0	0	0	0	4	19	0	21	

7	0	0	0	1	0	23	0	

0	0	8	0	0	13	18	0	

0	0	0	12	9	16	0	14	

0	0	10	0	0	0	0	17	

0	0	0	0	11	0	15	0	

Touched :24

Number 9 out of 10
Simple method, row :3	 and col:5
0	0	0	16	5	30	0	0	

0	17	0	3	28	15	6	31	

0	0	27	20	1	4	29	0	

18	0	2	0	14	0	12	7	

0	26	19	0	21	0	0	0	

0	23	0	0	0	13	8	11	

25	0	0	22	0	10	0	0	

0	0	24	0	0	0	0	9	

Touched :31

Number 10 out of 10
Simple method, row :1	 and col:6
0	0	16	0	0	1	36	33	

0	0	0	0	31	34	29	2	

0	15	0	17	0	3	32	35	

0	18	0	4	7	30	0	28	

20	0	14	9	0	5	0	0	

0	0	19	6	13	8	27	24	

0	21	10	0	26	23	12	0	

0	0	0	22	11	0	25	0	

Touched :36


